0 34
1 34
1 33
2 33
3 33
3 32
4 32
4 31
5 31
6 31
6 32
7 32
7 31
7 30
8 30
9 30
10 30
11 30
11 29
12 29
12 30
13 30
14 30
15 30
15 29
16 29
16 30
16 31
16 32
16 33
17 33
18 33
18 32
19 32
20 32
21 32
21 31
22 31
22 30
23 30
24 30
25 30
25 29
25 28
25 27
26 27
27 27
28 27
28 28
28 29
29 29
30 29
30 28
30 27
31 27
31 28
32 28
33 28
33 29
33 30
33 31
34 31
35 31
35 32
36 32
36 33
36 34
37 34
38 34
39 34
40 34
40 33
40 32
40 31
39 31
38 31
38 32
37 32
37 31
37 30
38 30
38 29
38 28
39 28
40 28
41 28
41 27
40 27
40 26
40 25
41 25
41 24
42 24
42 25
43 25
43 26
44 26
45 26
45 25
46 25
47 25
48 25
48 26
49 26
50 26
51 26
52 26
53 26
53 27
53 28
54 28
55 28
55 29
54 29
54 30
54 31
55 31
55 32
56 32
57 32
57 31
57 30
57 29
58 29
58 28
59 28
60 28
60 29
60 30
61 30
61 31
62 31
63 31
64 31
64 30
64 29
64 28
64 27
64 26
64 25
64 24
65 24
65 25
66 25
67 25
67 26
67 27
68 27
68 28
68 29
69 29
69 28
69 27
69 26
70 26
71 26
71 27
72 27
73 27
74 27
75 27
76 27
77 27
78 27
79 27
80 27
80 26
81 26
82 26
82 25
83 25
84 25
85 25
85 24
86 24
86 25
87 25
88 25
89 25
89 24
89 23
90 23
91 23
91 22
92 22
92 21
93 21
94 21
95 21
95 20
95 19
96 19
96 20
97 20
98 20
99 20
99 19
100 19
100 18
101 18
102 18
103 18
103 19
102 19
102 20
103 20
103 21
104 21
105 21
106 21
106 22
107 22
108 22
108 21
108 20
109 20
110 20
111 20
111 21
111 22
111 23
112 23
113 23
113 24
113 25
114 25
114 26
114 27
115 27
116 27
117 27
117 28
118 28
119 28
119 29
120 29
121 29
122 29
122 30
122 31
123 31
123 30
123 29
124 29
124 30
124 31
124 32
124 33
124 34
125 34
125 33
125 32
126 32
127 32
128 32
128 33
129 33
130 33
130 34
131 34
132 34
133 34
134 34
135 34
136 34
136 35
136 36
135 36
135 37
136 37
137 37
138 37
138 36
139 36
140 36
140 35
140 34
141 34
141 33
142 33
142 34
142 35
143 35
144 35
144 34
145 34
145 33
146 33
146 32
147 32
148 32
148 33
148 34
149 34
