0 266
0 265
1 265
1 266
2 266
3 266
3 267
3 268
3 269
2 269
1 269
1 270
1 271
1 272
1 273
1 274
2 274
2 275
3 275
4 275
4 276
3 276
3 277
2 277
2 278
1 278
0 278
0 279
0 280
1 280
2 280
3 280
3 281
2 281
2 282
1 282
1 283
1 284
1 285
2 285
3 285
4 285
5 285
6 285
6 286
6 287
7 287
8 287
9 287
10 287
11 287
11 288
12 288
12 289
13 289
13 290
14 290
15 290
15 291
15 292
15 293
16 293
17 293
18 293
19 293
20 293
20 294
21 294
22 294
22 295
23 295
24 295
25 295
25 296
26 296
27 296
28 296
29 296
29 297
30 297
30 296
30 295
31 295
31 296
31 297
32 297
33 297
34 297
34 298
35 298
36 298
36 297
37 297
37 298
37 299
38 299
39 299
39 298
39 297
40 297
41 297
41 296
42 296
43 296
44 296
44 297
44 298
45 298
45 299
46 299
47 299
