0 14
1 14
2 14
2 15
3 15
3 16
3 17
3 18
2 18
1 18
1 19
0 19
0 20
1 20
2 20
2 21
3 21
4 21
4 22
4 23
5 23
6 23
6 24
5 24
4 24
3 24
3 25
2 25
1 25
1 26
2 26
2 27
3 27
4 27
4 28
4 29
3 29
3 30
2 30
1 30
1 31
1 32
1 33
2 33
2 34
2 35
3 35
3 36
4 36
4 37
5 37
5 38
6 38
6 39
6 40
6 41
6 42
5 42
5 43
4 43
4 44
3 44
3 45
3 46
2 46
2 47
1 47
1 48
1 49
1 50
0 50
0 51
0 52
1 52
1 53
1 54
0 54
0 55
1 55
1 56
0 56
0 57
1 57
1 58
2 58
2 59
2 60
2 61
3 61
3 62
3 63
3 64
3 65
4 65
4 66
3 66
3 67
2 67
2 66
1 66
1 67
1 68
1 69
1 70
2 70
3 70
4 70
5 70
5 69
6 69
7 69
8 69
9 69
9 70
10 70
11 70
11 71
12 71
12 72
12 73
12 74
12 75
13 75
13 76
13 77
13 78
12 78
11 78
11 79
11 80
12 80
12 81
11 81
10 81
9 81
9 80
8 80
8 79
7 79
7 78
6 78
6 79
6 80
6 81
6 82
7 82
7 83
6 83
6 84
5 84
4 84
4 83
3 83
2 83
2 84
2 85
3 85
4 85
5 85
5 86
6 86
7 86
8 86
8 87
8 88
8 89
9 89
9 90
9 91
9 92
9 93
9 94
9 95
9 96
8 96
8 95
8 94
8 93
7 93
7 92
6 92
5 92
5 93
4 93
4 94
5 94
5 95
5 96
4 96
4 97
4 98
4 99
4 100
5 100
5 99
6 99
7 99
7 100
6 100
6 101
5 101
5 102
5 103
5 104
4 104
3 104
3 105
2 105
2 106
2 107
2 108
1 108
0 108
0 109
0 110
0 111
1 111
1 112
2 112
3 112
4 112
4 113
4 114
4 115
3 115
2 115
1 115
1 116
1 117
1 118
1 119
2 119
3 119
4 119
4 120
5 120
5 121
5 122
5 123
5 124
4 124
4 125
3 125
3 126
2 126
2 127
2 128
1 128
1 129
1 130
2 130
3 130
3 131
4 131
4 132
3 132
3 133
2 133
2 134
3 134
3 135
3 136
4 136
5 136
5 137
4 137
4 138
4 139
3 139
3 140
2 140
2 141
2 142
2 143
3 143
4 143
5 143
5 144
5 145
6 145
7 145
8 145
8 146
8 147
8 148
8 149
8 150
7 150
6 150
6 151
5 151
5 150
4 150
3 150
3 151
2 151
2 152
2 153
1 153
1 154
1 155
2 155
2 156
2 157
2 158
2 159
1 159
1 160
2 160
2 161
1 161
1 162
2 162
2 163
3 163
3 164
3 165
3 166
3 167
3 168
3 169
3 170
4 170
5 170
5 171
5 172
5 173
5 174
4 174
4 175
3 175
3 174
2 174
1 174
0 174
0 175
0 176
1 176
1 177
2 177
3 177
3 178
3 179
3 180
3 181
4 181
4 182
5 182
5 183
5 184
4 184
4 185
5 185
6 185
6 186
6 187
6 188
6 189
5 189
5 190
6 190
6 191
6 192
5 192
4 192
3 192
3 193
2 193
2 194
2 195
3 195
3 196
4 196
4 197
4 198
5 198
5 199
4 199
3 199
2 199
1 199
1 200
2 200
2 201
2 202
1 202
1 203
1 204
1 205
2 205
2 206
3 206
3 207
4 207
4 208
3 208
2 208
2 207
1 207
1 208
0 208
0 209
1 209
1 210
1 211
1 212
1 213
1 214
1 215
0 215
0 216
0 217
0 218
1 218
2 218
2 217
3 217
3 216
2 216
2 215
3 215
4 215
5 215
5 216
4 216
4 217
4 218
4 219
3 219
3 220
3 221
2 221
2 222
2 223
1 223
1 224
1 225
1 226
0 226
0 227
1 227
2 227
3 227
3 226
4 226
4 227
4 228
5 228
5 229
5 230
6 230
6 231
7 231
7 232
6 232
5 232
5 233
5 234
5 235
5 236
4 236
3 236
2 236
2 237
2 238
1 238
1 239
1 240
1 241
1 242
1 243
0 243
0 244
1 244
1 245
0 245
0 246
0 247
0 248
0 249
1 249
1 250
1 251
2 251
2 252
2 253
2 254
1 254
1 255
2 255
3 255
3 256
2 256
2 257
2 258
2 259
3 259
4 259
4 260
5 260
5 261
5 262
5 263
5 264
5 265
5 266
5 267
5 268
6 268
6 269
5 269
5 270
5 271
5 272
4 272
4 273
3 273
3 274
3 275
2 275
2 276
3 276
3 277
3 278
2 278
1 278
0 278
0 279
0 280
1 280
1 281
1 282
1 283
0 283
0 284
0 285
1 285
1 286
1 287
2 287
3 287
3 288
2 288
2 289
2 290
1 290
1 291
1 292
1 293
2 293
2 292
3 292
3 293
4 293
4 294
3 294
3 295
3 296
4 296
4 297
4 298
5 298
6 298
6 299
6 300
6 301
6 302
6 303
7 303
7 304
6 304
6 305
6 306
6 307
6 308
6 309
7 309
7 310
8 310
8 311
9 311
10 311
10 312
10 313
11 313
11 314
11 315
10 315
9 315
9 316
9 317
8 317
7 317
6 317
5 317
4 317
4 318
5 318
5 319
5 320
4 320
3 320
2 320
2 321
2 322
2 323
2 324
2 325
2 326
2 327
2 328
2 329
2 330
2 331
2 332
1 332
1 331
1 330
1 329
0 329
