0 31
0 32
0 33
0 34
1 34
1 33
2 33
3 33
4 33
4 34
4 35
5 35
6 35
7 35
8 35
8 34
8 33
7 33
7 32
8 32
8 31
9 31
9 30
8 30
8 29
8 28
8 27
9 27
10 27
10 26
9 26
8 26
8 25
8 24
8 23
7 23
6 23
5 23
4 23
4 24
3 24
3 25
2 25
2 24
1 24
1 23
1 22
1 21
1 20
1 19
1 18
2 18
2 17
2 16
2 15
2 14
2 13
3 13
4 13
4 14
5 14
6 14
7 14
8 14
9 14
9 15
9 16
9 17
10 17
11 17
11 18
12 18
13 18
13 19
13 20
13 21
13 22
14 22
14 21
14 20
15 20
15 19
16 19
16 18
17 18
18 18
19 18
20 18
21 18
21 17
21 16
22 16
22 17
23 17
23 18
23 19
24 19
25 19
26 19
27 19
28 19
29 19
29 20
28 20
28 21
29 21
29 22
29 23
30 23
31 23
32 23
32 24
33 24
34 24
35 24
36 24
37 24
38 24
39 24
40 24
41 24
42 24
43 24
44 24
44 25
45 25
45 24
46 24
47 24
48 24
49 24
49 25
