0 25
0 26
1 26
1 27
1 28
1 29
1 30
0 30
0 31
1 31
1 32
1 33
2 33
2 34
3 34
3 35
3 36
3 37
2 37
2 38
2 39
1 39
1 40
0 40
0 41
0 42
0 43
1 43
1 42
2 42
2 41
3 41
4 41
5 41
5 40
5 39
6 39
7 39
8 39
8 40
9 40
10 40
10 41
10 42
10 43
10 44
10 45
9 45
8 45
7 45
6 45
5 45
5 46
4 46
4 47
4 48
4 49
4 50
3 50
2 50
2 51
1 51
0 51
0 52
0 53
0 54
0 55
0 56
1 56
1 57
1 58
2 58
3 58
3 59
3 60
2 60
2 61
3 61
4 61
4 62
4 63
3 63
3 64
3 65
3 66
2 66
1 66
1 67
1 68
1 69
2 69
2 70
2 71
3 71
3 72
3 73
3 74
2 74
1 74
0 74
0 75
0 76
0 77
1 77
1 78
1 79
0 79
0 80
0 81
0 82
0 83
1 83
1 84
2 84
2 85
2 86
2 87
1 87
1 88
1 89
2 89
2 90
2 91
2 92
2 93
1 93
1 94
0 94
0 95
1 95
1 96
2 96
2 97
2 98
1 98
1 99
