0 171
0 172
1 172
2 172
3 172
4 172
5 172
5 173
6 173
6 174
6 175
5 175
5 174
4 174
3 174
2 174
1 174
1 175
0 175
0 176
0 177
0 178
0 179
0 180
1 180
1 181
1 182
2 182
2 183
3 183
4 183
4 184
3 184
2 184
2 185
3 185
3 186
4 186
4 187
5 187
5 188
4 188
3 188
2 188
1 188
1 189
1 190
2 190
3 190
3 191
3 192
2 192
2 193
1 193
1 194
0 194
0 195
1 195
2 195
3 195
3 194
4 194
4 195
4 196
4 197
5 197
6 197
6 198
6 199
6 200
7 200
7 201
6 201
6 202
6 203
6 204
5 204
4 204
3 204
2 204
1 204
1 205
2 205
2 206
2 207
3 207
4 207
4 208
4 209
4 210
4 211
4 212
4 213
5 213
6 213
7 213
7 214
7 215
8 215
8 216
8 217
8 218
7 218
7 219
6 219
6 220
6 221
5 221
5 222
5 223
5 224
4 224
3 224
3 225
3 226
3 227
2 227
1 227
1 228
1 229
2 229
2 230
3 230
3 231
3 232
2 232
2 233
2 234
2 235
2 236
2 237
1 237
1 238
1 239
2 239
3 239
3 240
3 241
2 241
1 241
1 242
1 243
1 244
1 245
0 245
0 246
1 246
1 247
2 247
3 247
3 248
2 248
2 249
1 249
0 249
0 250
1 250
1 251
1 252
0 252
0 253
0 254
0 255
1 255
1 256
1 257
1 258
0 258
0 259
0 260
0 261
0 262
0 263
1 263
1 264
2 264
2 265
2 266
2 267
3 267
4 267
4 268
5 268
5 269
6 269
6 270
6 271
5 271
4 271
3 271
2 271
2 272
2 273
1 273
0 273
0 274
1 274
1 275
2 275
2 276
2 277
2 278
1 278
0 278
0 279
1 279
1 280
2 280
2 281
3 281
3 280
3 279
4 279
4 280
4 281
5 281
5 282
6 282
7 282
7 283
8 283
9 283
10 283
11 283
11 284
10 284
10 285
9 285
9 286
8 286
8 285
7 285
6 285
5 285
5 286
4 286
3 286
3 287
4 287
4 288
4 289
4 290
4 291
3 291
2 291
2 292
1 292
1 293
1 294
1 295
1 296
2 296
2 297
2 298
1 298
1 299
1 300
1 301
1 302
1 303
0 303
0 304
0 305
0 306
0 307
1 307
1 308
2 308
2 309
1 309
1 310
1 311
0 311
0 312
1 312
1 313
1 314
1 315
1 316
2 316
3 316
4 316
4 317
3 317
2 317
1 317
0 317
0 318
0 319
1 319
2 319
2 320
3 320
3 321
3 322
4 322
4 323
5 323
5 324
4 324
4 325
5 325
5 326
5 327
4 327
3 327
2 327
2 326
1 326
1 327
1 328
1 329
2 329
3 329
4 329
4 330
3 330
3 331
3 332
4 332
5 332
5 333
5 334
5 335
6 335
7 335
7 334
8 334
8 335
9 335
9 336
9 337
10 337
10 338
10 339
9 339
9 340
9 341
8 341
8 340
7 340
6 340
5 340
4 340
4 341
3 341
3 340
2 340
1 340
1 341
1 342
2 342
3 342
4 342
4 343
5 343
5 344
4 344
4 345
3 345
2 345
1 345
1 346
2 346
2 347
1 347
1 348
1 349
2 349
2 350
2 351
3 351
3 350
4 350
5 350
6 350
6 351
5 351
5 352
4 352
4 353
3 353
2 353
2 354
2 355
2 356
3 356
4 356
4 357
3 357
3 358
3 359
4 359
4 360
5 360
5 361
4 361
4 362
4 363
3 363
3 364
2 364
2 365
2 366
2 367
2 368
1 368
1 369
1 370
0 370
0 371
0 372
