0 39
1 39
2 39
3 39
4 39
4 40
5 40
6 40
6 41
7 41
7 40
8 40
9 40
9 39
10 39
11 39
12 39
12 38
12 37
11 37
10 37
10 36
9 36
9 35
9 34
9 33
9 32
8 32
7 32
7 31
6 31
5 31
4 31
3 31
3 30
3 29
3 28
3 27
4 27
4 26
4 25
3 25
3 24
3 23
2 23
2 22
3 22
4 22
4 21
5 21
5 20
5 19
5 18
6 18
6 17
6 16
6 15
7 15
7 14
7 13
8 13
9 13
9 12
8 12
7 12
6 12
5 12
4 12
4 13
3 13
3 12
2 12
2 11
1 11
1 10
1 9
1 8
1 7
2 7
3 7
4 7
5 7
6 7
7 7
8 7
9 7
10 7
10 8
11 8
11 9
11 10
12 10
12 9
13 9
13 8
14 8
15 8
16 8
17 8
18 8
18 7
18 6
18 5
18 4
18 3
18 2
19 2
20 2
20 1
21 1
21 2
21 3
22 3
23 3
23 2
24 2
24 3
25 3
26 3
27 3
27 2
28 2
29 2
29 1
30 1
31 1
32 1
33 1
33 2
34 2
34 3
34 4
35 4
36 4
37 4
38 4
38 5
38 6
38 7
38 8
39 8
39 9
40 9
41 9
42 9
43 9
44 9
44 8
45 8
46 8
46 9
47 9
48 9
49 9
50 9
50 10
50 11
51 11
52 11
53 11
53 12
54 12
55 12
55 11
55 10
55 9
55 8
56 8
57 8
58 8
59 8
59 9
59 10
59 11
60 11
61 11
62 11
62 10
63 10
64 10
64 11
65 11
65 12
66 12
67 12
68 12
69 12
70 12
70 11
71 11
72 11
72 12
72 13
73 13
74 13
74 14
75 14
76 14
77 14
77 15
78 15
79 15
79 14
80 14
81 14
82 14
83 14
84 14
85 14
86 14
87 14
87 13
88 13
89 13
90 13
91 13
92 13
92 12
93 12
93 11
93 10
93 9
92 9
91 9
90 9
90 10
89 10
89 9
89 8
89 7
89 6
89 5
88 5
88 4
88 3
87 3
87 2
88 2
89 2
89 3
90 3
91 3
92 3
93 3
94 3
95 3
96 3
97 3
98 3
99 3
100 3
100 2
100 1
101 1
101 0
100 0
