52 199
51 199
51 198
51 197
51 196
51 195
50 195
50 194
50 193
49 193
49 192
50 192
50 191
49 191
49 190
48 190
48 189
48 188
48 187
48 186
48 185
48 184
48 183
47 183
46 183
46 184
46 185
45 185
45 184
44 184
43 184
43 185
42 185
41 185
40 185
40 186
39 186
38 186
37 186
36 186
36 187
35 187
35 186
34 186
33 186
32 186
31 186
30 186
30 187
30 188
30 189
29 189
29 190
29 191
28 191
27 191
27 190
27 189
27 188
26 188
25 188
25 187
25 186
24 186
24 185
23 185
22 185
22 184
21 184
21 185
20 185
19 185
18 185
18 184
17 184
16 184
15 184
14 184
13 184
13 183
12 183
12 184
12 185
11 185
11 186
10 186
10 187
10 188
9 188
8 188
7 188
6 188
6 187
6 186
6 185
5 185
5 184
4 184
4 185
3 185
3 186
2 186
2 187
1 187
1 186
1 185
2 185
2 184
1 184
1 183
0 183
0 182
0 181
0 180
1 180
1 179
2 179
3 179
3 180
4 180
4 181
5 181
5 180
5 179
4 179
4 178
3 178
3 177
4 177
4 176
4 175
3 175
2 175
2 174
3 174
3 173
2 173
1 173
1 172
2 172
2 171
3 171
3 170
2 170
2 169
3 169
3 168
2 168
2 167
1 167
1 166
1 165
1 164
1 163
1 162
2 162
2 161
3 161
3 160
4 160
5 160
5 159
5 158
5 157
6 157
6 156
6 155
6 154
5 154
5 153
4 153
4 152
4 151
3 151
2 151
1 151
1 150
2 150
2 149
3 149
3 148
4 148
4 147
5 147
5 146
5 145
4 145
3 145
3 144
4 144
5 144
6 144
7 144
7 145
8 145
8 144
8 143
9 143
9 142
9 141
9 140
9 139
9 138
9 137
10 137
11 137
11 136
11 135
10 135
10 134
10 133
9 133
9 134
8 134
8 133
8 132
8 131
8 130
9 130
9 129
9 128
9 127
9 126
9 125
8 125
7 125
7 126
7 127
6 127
5 127
4 127
4 126
4 125
3 125
2 125
2 124
2 123
2 122
1 122
1 121
2 121
3 121
4 121
4 122
5 122
5 121
5 120
5 119
4 119
4 118
3 118
3 117
4 117
4 116
3 116
3 115
2 115
1 115
1 114
1 113
1 112
1 111
1 110
0 110
0 109
1 109
1 108
0 108
0 107
1 107
1 106
1 105
1 104
2 104
2 103
2 102
2 101
1 101
1 100
1 99
1 98
0 98
0 97
0 96
0 95
1 95
1 94
1 93
0 93
0 92
0 91
1 91
2 91
3 91
3 90
2 90
2 89
2 88
3 88
3 87
4 87
4 88
5 88
6 88
7 88
7 87
7 86
7 85
8 85
8 84
8 83
8 82
8 81
7 81
7 82
6 82
5 82
4 82
4 81
3 81
3 80
2 80
1 80
1 79
1 78
2 78
2 77
3 77
3 76
3 75
3 74
3 73
3 72
4 72
4 71
5 71
5 70
6 70
7 70
8 70
9 70
9 71
9 72
8 72
7 72
7 73
7 74
8 74
8 75
9 75
9 74
10 74
11 74
12 74
13 74
14 74
15 74
16 74
17 74
18 74
18 75
19 75
20 75
20 74
21 74
22 74
22 73
22 72
23 72
24 72
24 73
24 74
25 74
26 74
26 75
26 76
27 76
28 76
29 76
30 76
30 77
30 78
31 78
32 78
32 79
32 80
32 81
33 81
34 81
35 81
36 81
37 81
38 81
39 81
39 82
39 83
40 83
41 83
41 84
42 84
42 85
42 86
41 86
41 87
42 87
42 88
42 89
42 90
43 90
44 90
44 89
45 89
45 88
46 88
47 88
48 88
49 88
50 88
50 89
51 89
51 90
51 91
51 92
52 92
52 91
53 91
54 91
55 91
56 91
57 91
58 91
59 91
59 92
60 92
61 92
62 92
63 92
64 92
65 92
66 92
67 92
68 92
69 92
70 92
71 92
71 93
71 94
72 94
72 93
73 93
73 94
74 94
74 95
75 95
75 94
76 94
77 94
77 95
77 96
78 96
79 96
79 97
80 97
80 96
81 96
82 96
83 96
83 97
83 98
83 99
84 99
85 99
85 98
86 98
86 99
86 100
86 101
86 102
87 102
88 102
89 102
89 101
90 101
90 100
91 100
92 100
93 100
93 99
92 99
92 98
93 98
94 98
95 98
96 98
96 97
96 96
97 96
97 97
98 97
98 96
99 96
100 96
101 96
102 96
102 97
103 97
103 96
104 96
105 96
106 96
107 96
107 97
108 97
108 96
109 96
110 96
111 96
111 95
112 95
112 96
112 97
112 98
112 99
113 99
113 98
113 97
114 97
115 97
115 96
116 96
117 96
117 97
118 97
119 97
120 97
120 98
120 99
121 99
121 98
121 97
122 97
122 98
123 98
124 98
124 99
125 99
125 100
126 100
126 101
126 102
127 102
127 101
128 101
129 101
130 101
130 102
131 102
131 103
131 104
131 105
131 106
132 106
132 107
132 108
133 108
134 108
135 108
136 108
137 108
138 108
138 109
139 109
140 109
140 108
140 107
140 106
140 105
141 105
142 105
142 106
142 107
143 107
144 107
145 107
145 106
146 106
146 105
147 105
148 105
148 106
149 106
150 106
151 106
151 107
152 107
153 107
153 108
154 108
154 109
155 109
156 109
157 109
157 110
158 110
159 110
159 109
160 109
161 109
162 109
163 109
163 110
164 110
164 109
165 109
166 109
166 110
167 110
168 110
169 110
169 109
170 109
171 109
172 109
173 109
174 109
174 108
175 108
176 108
176 107
177 107
178 107
178 108
179 108
180 108
180 107
180 106
181 106
182 106
182 107
182 108
183 108
184 108
185 108
185 107
186 107
186 108
187 108
187 107
188 107
189 107
190 107
190 108
191 108
192 108
192 109
193 109
193 110
194 110
195 110
196 110
196 111
197 111
198 111
199 111
